-97 56 29 -74
-51 48 -31 15
-44 28 -56 113
-63 -12 -39 42
-115 -25 -26 -7
-78 13 -28 31
-30 32 -59 107
-25 -13 -57 47
-45 -56 -101 -76
11 -35 -85 -26
35 -20 -80 60
-20 -7 -84 77
-37 13 -44 81
-6 36 12 67
21 48 82 42
4 51 118 -23
-16 21 78 -36
23 -35 44 -5
57 -68 -17 57
76 -74 -25 66
75 -52 1 43
34 -96 -24 5
21 -105 -20 -27
-14 -44 38 -54
-47 26 124 -41
1 -19 45 -16
-16 -108 -28 -19
-41 -98 32 -22
-75 -53 67 12
-35 -33 -25 40
58 -4 -97 32
25 -13 -34 -34
32 -27 42 -115
72 -17 40 -64
118 19 18 5
88 13 9 32
112 24 16 -2
80 56 15 -16
47 96 -25 2
61 29 -95 -4
35 -6 -88 51
-33 -38 -10 46
-64 -34 94 -10
-49 -107 51 -9
12 -114 -9 -29
89 -48 -18 -23
121 -5 11 7
20 15 80 12
-13 -6 84 -45
-50 19 13 -67
11 40 -60 -92
33 49 -79 -102
14 36 -18 -76
-47 43 -16 -87
-78 56 -1 -52
-29 54 74 -10
31 24 88 40
15 92 46 50
-22 117 20 49
25 85 -32 -8
83 42 -64 -20
19 61 -39 35
-40 23 -41 95
-51 4 -77 30
-34 -59 -75 -43
32 -77 -42 -10
82 -72 -26 75
24 -8 65 29
-41 18 86 -53
-10 -51 44 -25
34 -127 -18 -30
-21 -22 -16 -61
-60 79 19 -81
-109 51 -27 1
-105 -15 -39 19
-11 -48 3 -34
63 -35 42 -86
52 17 -7 -109
13 30 -61 -53
7 39 -43 -88
25 55 -33 -90
-21 -24 -74 -54
-23 -44 -88 -24
13 21 -65 -24
64 106 -65 -22
93 25 -28 37
58 -81 -21 79
29 -26 56 26
-47 28 83 -31
-19 19 50 -81
64 -39 13 -91
72 -25 21 -89
45 -14 38 -84
20 -17 55 -57
-23 1 98 -68
-85 -58 58 3
-70 -78 44 6
22 -24 23 0
122 37 26 -16
63 18 17 -24
