0 0 0 0
0 0 0 0
-51 48 -31 15
58 -68 6 83
-77 28 11 -154
-332 295 -215 210
418 -397 38 514
517 -824 670 -1235
-2393 2384 -914 -723
-6030 6787 -5770 7647
-8869 5007 -9142 14761
-13792 -2022 -7588 8531
-17929 -3637 -4882 343
-14052 2260 -5411 7405
-6850 4512 -8822 16309
-5546 -2024 -12962 6543
-4988 -8417 -15722 -8731
1153 -7763 -16110 -6103
4027 -3733 -15319 8221
-1987 -743 -14056 15718
-6086 2206 -8770 15004
-1437 6111 2695 12409
2940 9218 14890 6137
681 9048 20160 -3239
-1460 3345 15990 -6854
2904 -6194 5919 -263
10479 -12344 -2187 9240
14123 -11816 -3205 12367
12381 -11809 -2012 8166
8106 -17046 -4415 1016
2351 -17835 -2720 -5783
-3599 -6810 9716 -9002
-5424 2498 17607 -7067
-2130 -4037 8317 -3843
-1773 -16683 -993 -3458
-8782 -18761 4880 -3205
-12368 -11210 8861 1739
-3972 -4003 -3666 7979
5788 -1451 -14753 5332
6878 -2729 -7371 -7910
6722 -4398 5877 -17947
12582 -2138 8476 -12498
18653 1603 3455 411
19811 2627 1333 5135
17659 4776 3334 1133
13886 11377 2800 -2731
10914 14233 -5663 -2170
9883 7235 -16653 2556
5357 -1523 -15752 7510
-4466 -5087 63 6924
-12142 -9560 13635 1289
-9495 -17599 10815 -3890
3217 -19354 -834 -5353
16832 -10132 -4832 -2900
18821 -230 3224 929
7269 1754 13988 624
-5297 438 14800 -5857
-6903 2822 2425 -13264
685 7196 -10765 -16807
6551 8233 -12160 -16872
2176 7097 -6563 -15887
-8840 8339 -2571 -14231
-13044 9704 2690 -9759
-4617 7521 11139 -1690
3909 7993 15228 6667
1773 15088 10722 10640
-1451 19917 1807 6928
5168 15688 -6303 -1394
11525 9762 -9469 -2766
5478 8167 -8153 7629
-6437 6204 -8477 14469
-11333 -626 -12008 5027
-5053 -9642 -13586 -5765
7185 -15338 -10161 -150
12366 -11459 -1375 9646
4053 -589 10355 5037
-4841 1524 15193 -5320
-2179 -11090 7364 -6788
3359 -18356 -1959 -6427
-639 -5257 -1895 -11449
-12159 11719 253 -11520
-20575 10920 -3825 -1938
-17127 -2299 -5901 3062
-2333 -9289 899 -5483
10174 -5480 5519 -16089
9618 1186 -1118 -16965
3444 6236 -8780 -13507
2013 9433 -8637 -14327
1818 6452 -7662 -15211
-2274 -3744 -11812 -10190
-4174 -6865 -15230 -5075
2143 5828 -13308 -4913
11626 15165 -10088 -2420
16299 4077 -7509 6622
12582 -10199 -982 12312
1821 -6643 9185 6205
-6462 3819 14004 -5933
-2292 3030 9581 -14421
8917 -4312 3337 -16924
x x x x
x x x x
x x x x
x x x x
x x x x
x x x x
x x x x
x x x x
x x x x
x x x x
x x x x
x x x x
x x x x
x x x x
x x x x
x x x x
