0 0 0 0
0 0 0 0
0 0 0 0
0 0 0 0
-1 0 0 0
2 -1 1 0
1 -1 1 -1
-9 4 -3 1
-17 8 -5 3
-10 2 -5 1
2 -5 -15 -6
-3 -5 -28 -10
-6 -5 -17 -1
11 -11 10 16
7 -2 23 -4
-49 43 16 -65
-95 90 7 -66
-85 88 -2 43
-69 39 -14 122
-95 -8 -30 64
-120 -12 -45 -7
-101 19 -54 45
-66 31 -62 110
-38 -9 -85 52
-4 -61 -120 -45
33 -60 -143 -29
29 -15 -138 67
-26 24 -101 126
-56 50 -37 133
-11 73 46 114
33 77 124 45
1 53 157 -52
-42 12 121 -79
-9 -34 49 -3
63 -69 0 84
91 -78 -8 102
77 -98 -12 62
58 -147 -34 14
17 -150 -21 -26
-41 -62 67 -54
-48 4 130 -61
8 -45 70 -44
24 -123 -2 -31
-40 -125 34 -32
-81 -77 64 1
-32 -37 -37 71
38 -21 -130 87
60 -32 -71 -3
61 -30 39 -96
90 8 65 -88
128 31 42 -19
144 5 42 18
135 2 37 3
115 64 -7 -22
98 105 -71 -11
84 55 -124 35
40 -25 -115 68
-40 -66 -23 45
-91 -92 66 -11
-64 -132 56 -46
25 -132 -11 -40
113 -59 -24 -21
123 13 42 -22
39 23 115 -41
-43 15 108 -58
-38 34 11 -84
16 44 -82 -120
44 25 -94 -136
14 30 -61 -130
-52 72 -37 -118
-77 91 1 -89
-23 68 65 -24
23 67 100 46
3 109 67 85
-8 141 -4 69
48 137 -62 4
87 113 -75 -16
35 78 -52 70
-54 37 -41 130
-85 -1 -76 46
-31 -45 -118 -47
58 -95 -96 -2
89 -82 -2 70
31 1 88 19
-25 18 103 -70
-7 -92 46 -73
29 -160 -4 -46
-2 -57 2 -67
-87 80 8 -80
-153 80 -28 -25
-131 -3 -47 13
-26 -38 9 -47
62 -22 58 -123
57 -9 15 -128
21 19 -60 -113
15 64 -79 -131
5 47 -68 -134
-28 -46 -87 -94
-27 -78 -115 -63
30 13 -102 -56
99 82 -58 -17
128 12 -28 57
86 -81 5 90
-2 -65 73 35
-50 -2 124 -58
-5 4 95 -113
69 -32 26 -121
84 -50 -2 -119
51 -30 26 -115
15 7 83 -99
-41 4 126 -64
-111 -57 118 -19
-92 -96 79 13
42 -58 53 15
136 3 35 0
88 23 12 -6
-5 11 -4 -1
-31 -2 -5 4
-15 -4 1 7
-12 -2 6 2
-15 -2 4 -5
-4 0 1 -4
10 7 12 2
13 9 22 3
6 3 11 0
-1 -1 -3 -1
-1 0 -2 0
1 0 1 0
0 0 0 0
0 0 0 0
0 0 0 0
0 0 0 0
