0 0 0 0
-1 0 -1 0
0 -1 0 -1
-1 0 -1 -1
-1 0 -1 0
1 -1 0 0
1 -1 0 -1
-9 4 -4 0
-17 7 -6 3
-10 2 -5 1
1 -6 -16 -6
-3 -6 -28 -11
-6 -6 -18 -1
11 -12 9 16
6 -2 23 -5
-49 43 16 -65
-96 90 6 -66
-86 88 -2 42
-70 38 -15 122
-96 -8 -30 63
-120 -13 -45 -7
-102 18 -55 44
-67 31 -63 110
-39 -9 -86 51
-4 -62 -121 -45
32 -61 -144 -29
28 -16 -139 66
-27 24 -101 126
-57 50 -37 133
-11 72 45 113
32 76 124 44
1 52 157 -53
-42 12 121 -79
-9 -35 49 -4
62 -70 -1 83
90 -79 -9 101
77 -98 -12 62
58 -148 -34 13
17 -151 -22 -26
-42 -63 66 -55
-49 4 129 -61
7 -46 70 -45
24 -123 -3 -32
-40 -126 34 -32
-82 -78 63 0
-32 -37 -37 71
38 -22 -131 87
59 -32 -72 -3
60 -31 39 -97
89 7 65 -89
128 30 42 -19
143 5 41 17
135 2 37 2
115 63 -8 -22
97 104 -72 -11
83 55 -124 35
39 -26 -115 67
-40 -67 -23 45
-92 -93 65 -12
-64 -133 55 -47
25 -132 -12 -41
113 -60 -25 -22
122 12 42 -22
38 22 115 -41
-43 14 107 -59
-39 34 11 -84
15 44 -82 -120
44 25 -94 -137
13 29 -62 -131
-53 72 -37 -119
-77 90 1 -89
-24 67 65 -25
23 67 99 45
2 108 67 85
-8 141 -5 68
48 136 -63 3
87 112 -75 -16
34 78 -52 70
-55 36 -42 130
-85 -2 -76 46
-31 -46 -118 -48
58 -95 -96 -2
88 -83 -3 69
31 1 88 19
-26 17 102 -70
-7 -93 45 -74
29 -161 -4 -47
-2 -57 1 -68
-88 80 8 -81
-153 80 -29 -26
-132 -3 -48 12
-26 -38 8 -48
62 -23 58 -123
57 -9 14 -128
20 18 -61 -113
14 64 -79 -131
4 46 -69 -135
-28 -46 -87 -94
-28 -79 -116 -64
29 13 -102 -56
99 82 -58 -17
127 12 -28 57
86 -82 5 89
-3 -65 72 36
-51 -1 123 -55
-3 0 94 -119
72 -34 28 -131
75 -33 -1 -87
21 -6 1 -23
-10 3 1 8
-4 0 -1 3
3 -2 0 -4
-1 0 0 -1
-1 0 -1 0
0 -1 0 -1
0 0 0 0
