-21 9 -6 2
1 -1 -6 2
-5 -2 -3 -4
7 -8 -25 -9
-11 2 -15 4
6 -11 13 -1
10 1 16 10
-28 26 5 -44
-83 67 15 -57
-55 66 -11 23
-40 21 -2 108
-77 -1 -25 42
-84 -8 -31 -20
-70 6 -36 32
-47 30 -51 93
-24 -7 -52 33
-9 -48 -91 -37
25 -44 -105 -26
23 -4 -88 60
-17 14 -82 91
-42 36 -19 78
-18 47 33 91
39 65 80 32
2 25 119 -34
-48 19 87 -67
10 -30 28 8
38 -43 6 58
68 -68 -9 68
56 -59 -9 50
27 -96 -14 -2
33 -127 -23 -5
-37 -38 36 -46
-40 12 107 -42
3 -33 63 -31
35 -100 -34 -23
-43 -80 34 -15
-58 -50 59 -10
-20 -34 -27 48
28 -16 -107 75
45 -8 -51 -7
38 -41 47 -73
62 11 36 -63
99 31 24 -6
97 2 34 10
96 -10 30 -5
84 57 -11 -1
73 68 -50 -25
41 50 -80 37
54 -32 -87 45
-45 -45 -24 31
-64 -57 57 -4
-37 -94 44 -39
13 -105 -25 -23
73 -34 -1 -17
98 8 22 -14
28 19 81 -28
-43 4 82 -49
-18 22 9 -50
16 42 -68 -87
18 16 -63 -105
20 9 -34 -85
-35 61 -35 -78
-65 68 6 -79
-16 39 37 -4
28 54 83 30
0 70 41 52
-17 112 -5 56
38 88 -36 10
70 80 -59 -19
16 62 -40 33
-34 20 -19 124
-63 0 -65 26
-18 -33 -74 -50
35 -53 -74 1
69 -79 -4 65
28 -1 72 11
-31 34 64 -62
-3 -74 39 -51
32 -123 -5 -20
-13 -41 -8 -51
-57 72 22 -65
-106 51 -23 -15
-96 -6 -40 8
-24 -33 2 -16
53 0 55 -115
47 -12 6 -80
-10 8 -49 -66
28 45 -55 -109
6 40 -42 -92
-29 -25 -65 -65
-14 -77 -82 -44
22 18 -75 -34
67 66 -40 -24
90 11 -12 49
65 -72 -3 64
-4 -46 44 24
-33 15 102 -40
-11 -8 64 -84
59 -27 10 -83
60 -22 9 -79
27 -35 14 -94
9 8 59 -60
-18 9 87 -49
-78 -42 92 -18
-77 -73 47 16
31 -42 33 10
109 14 42 -8
58 3 -8 8
-16 15 1 -10
-12 -3 6 7
-8 -5 -15 6
-13 2 14 -3
-10 -2 3 4
-1 -2 -4 -13
3 6 7 10
15 8 24 -2
