0 0 0 0
0 0 0 0
0 0 0 0
0 0 0 0
-1 0 0 0
2 -1 1 0
1 -1 1 -1
-9 4 -3 1
-17 8 -5 3
-9 2 -5 2
2 -5 -15 -5
-3 -5 -28 -11
-6 -5 -17 -1
11 -11 9 16
7 -2 23 -4
-49 44 16 -65
-95 91 7 -66
-86 88 -2 43
-70 39 -14 123
-96 -8 -30 64
-120 -12 -45 -6
-102 19 -54 45
-67 32 -62 110
-39 -9 -85 51
-4 -62 -120 -45
33 -60 -144 -28
29 -15 -139 68
-27 24 -101 127
-57 50 -36 134
-11 72 46 114
33 77 124 45
1 54 157 -52
-42 13 122 -79
-8 -35 49 -3
63 -70 0 84
91 -79 -8 101
77 -98 -11 62
58 -147 -34 14
18 -151 -21 -25
-41 -63 67 -54
-48 3 130 -61
8 -46 71 -44
25 -123 -2 -32
-40 -125 35 -32
-82 -77 64 0
-32 -36 -36 71
39 -21 -131 87
60 -32 -72 -3
61 -30 40 -96
90 8 66 -89
128 30 42 -19
145 5 42 19
136 2 37 3
115 64 -6 -22
98 105 -71 -11
84 55 -124 35
39 -26 -115 68
-40 -66 -23 45
-91 -93 65 -11
-63 -133 56 -46
26 -132 -11 -40
113 -59 -24 -21
122 13 42 -22
39 22 116 -41
-42 15 108 -59
-38 34 11 -84
16 44 -82 -120
45 25 -94 -137
13 29 -61 -131
-53 72 -37 -119
-77 91 1 -89
-23 68 65 -25
23 67 100 45
2 109 68 85
-8 142 -4 69
48 137 -62 3
87 113 -75 -16
35 79 -52 71
-54 37 -42 130
-85 0 -76 46
-31 -45 -118 -48
58 -95 -96 -2
89 -83 -2 70
31 1 89 19
-25 18 103 -70
-7 -93 46 -74
29 -160 -3 -46
-2 -56 2 -67
-88 81 8 -81
-153 80 -29 -26
-131 -4 -47 12
-25 -38 9 -47
62 -22 58 -123
57 -9 15 -128
21 18 -60 -113
15 64 -79 -131
5 47 -68 -135
-27 -46 -87 -94
-27 -79 -116 -63
29 14 -102 -55
99 83 -58 -16
128 12 -27 57
87 -81 6 91
-2 -65 73 35
-50 -2 124 -59
-5 4 96 -113
69 -33 27 -121
84 -51 -3 -120
51 -30 26 -116
15 8 84 -99
-41 4 127 -64
-111 -57 118 -19
-91 -96 80 12
42 -58 53 14
136 3 35 1
88 23 12 -5
